Problem parameters:
 h = 1.0 y_obs = 0
N = 50 k = 1
Generations = 120 population = 50
Results:
Best r_aux value was found to be [-1.0002251   0.13981155] in 73.0 minutes and 55.4 seconds
 
mean(error) = 2.3282574787114206e-12 max(error) = 1.3516601311803798e-10 CN = 111023392282.11534 expected positive critical value = 1.0
printing the best r_aux per generation
3.991972359243898e-08
3.991972359243898e-08
3.991972359243898e-08
3.991972359243898e-08
3.991972359243898e-08
9.95246217449215e-10
9.95246217449215e-10
9.95246217449215e-10
9.95246217449215e-10
9.95246217449215e-10
9.95246217449215e-10
9.95246217449215e-10
9.95246217449215e-10
9.95246217449215e-10
9.95246217449215e-10
9.95246217449215e-10
9.95246217449215e-10
9.95246217449215e-10
9.95246217449215e-10
9.95246217449215e-10
9.95246217449215e-10
9.95246217449215e-10
9.95246217449215e-10
9.95246217449215e-10
9.95246217449215e-10
9.95246217449215e-10
9.95246217449215e-10
9.95246217449215e-10
9.95246217449215e-10
9.95246217449215e-10
9.95246217449215e-10
9.95246217449215e-10
9.95246217449215e-10
9.95246217449215e-10
9.95246217449215e-10
9.95246217449215e-10
9.95246217449215e-10
6.529528949492097e-10
6.529528949492097e-10
6.529528949492097e-10
6.529528949492097e-10
6.529528949492097e-10
6.529528949492097e-10
6.529528949492097e-10
6.529528949492097e-10
6.529528949492097e-10
6.529528949492097e-10
6.529528949492097e-10
6.529528949492097e-10
6.529528949492097e-10
6.529528949492097e-10
6.529528949492097e-10
6.529528949492097e-10
6.529528949492097e-10
6.529528949492097e-10
6.529528949492097e-10
6.529528949492097e-10
6.529528949492097e-10
6.529528949492097e-10
6.529528949492097e-10
6.529528949492097e-10
6.529528949492097e-10
6.529528949492097e-10
6.529528949492097e-10
6.529528949492097e-10
6.529528949492097e-10
6.529528949492097e-10
6.529528949492097e-10
6.529528949492097e-10
6.529528949492097e-10
6.529528949492097e-10
6.529528949492097e-10
6.529528949492097e-10
6.529528949492097e-10
6.529528949492097e-10
6.529528949492097e-10
6.529528949492097e-10
6.529528949492097e-10
6.529528949492097e-10
6.529528949492097e-10
2.1312088416393818e-10
2.1312088416393818e-10
2.1312088416393818e-10
2.1312088416393818e-10
2.1312088416393818e-10
2.1312088416393818e-10
2.1312088416393818e-10
1.5253659876027133e-10
1.5253659876027133e-10
1.5253659876027133e-10
1.5253659876027133e-10
1.3516601311803798e-10
1.3516601311803798e-10
1.3516601311803798e-10
1.3516601311803798e-10
1.3516601311803798e-10
1.3516601311803798e-10
1.3516601311803798e-10
1.3516601311803798e-10
1.3516601311803798e-10
1.3516601311803798e-10
1.3516601311803798e-10
1.3516601311803798e-10
1.3516601311803798e-10
1.3516601311803798e-10
1.3516601311803798e-10
1.3516601311803798e-10
1.3516601311803798e-10
1.3516601311803798e-10
1.3516601311803798e-10
1.3516601311803798e-10
1.3516601311803798e-10
1.3516601311803798e-10
1.3516601311803798e-10
1.3516601311803798e-10
1.3516601311803798e-10
1.3516601311803798e-10
1.3516601311803798e-10
1.3516601311803798e-10
1.3516601311803798e-10
1.3516601311803798e-10