Problem parameters:
 h = 1.0 y_obs = 0
N = 50 k = 1
Generations = 90 population = 50
Results:
Best r_aux value was found to be [-1.00079453  0.12957172] in 57.0 minutes and 49.8 seconds
 
mean(error) = 4.961095791993097e-12 max(error) = 2.982441138306441e-10 CN = 684329444085.9296 expected positive critical value = 1.0
printing the best r_aux per generation
7.71336319038082e-08
7.71336319038082e-08
7.71336319038082e-08
5.349846202465663e-08
5.349846202465663e-08
5.349846202465663e-08
3.2005978782830604e-08
3.2005978782830604e-08
6.967490946123802e-09
6.967490946123802e-09
6.967490946123802e-09
6.967490946123802e-09
6.967490946123802e-09
6.967490946123802e-09
6.967490946123802e-09
6.967490946123802e-09
2.982441138306441e-10
2.982441138306441e-10
2.982441138306441e-10
2.982441138306441e-10
2.982441138306441e-10
2.982441138306441e-10
2.982441138306441e-10
2.982441138306441e-10
2.982441138306441e-10
2.982441138306441e-10
2.982441138306441e-10
2.982441138306441e-10
2.982441138306441e-10
2.982441138306441e-10
2.982441138306441e-10
2.982441138306441e-10
2.982441138306441e-10
2.982441138306441e-10
2.982441138306441e-10
2.982441138306441e-10
2.982441138306441e-10
2.982441138306441e-10
2.982441138306441e-10
2.982441138306441e-10
2.982441138306441e-10
2.982441138306441e-10
2.982441138306441e-10
2.982441138306441e-10
2.982441138306441e-10
2.982441138306441e-10
2.982441138306441e-10
2.982441138306441e-10
2.982441138306441e-10
2.982441138306441e-10
2.982441138306441e-10
2.982441138306441e-10
2.982441138306441e-10
2.982441138306441e-10
2.982441138306441e-10
2.982441138306441e-10
2.982441138306441e-10
2.982441138306441e-10
2.982441138306441e-10
2.982441138306441e-10
2.982441138306441e-10
2.982441138306441e-10
2.982441138306441e-10
2.982441138306441e-10
2.982441138306441e-10
2.982441138306441e-10
2.982441138306441e-10
2.982441138306441e-10
2.982441138306441e-10
2.982441138306441e-10
2.982441138306441e-10
2.982441138306441e-10
2.982441138306441e-10
2.982441138306441e-10
2.982441138306441e-10
2.982441138306441e-10
2.982441138306441e-10
2.982441138306441e-10
2.982441138306441e-10
2.982441138306441e-10
2.982441138306441e-10
2.982441138306441e-10
2.982441138306441e-10
2.982441138306441e-10
2.982441138306441e-10
2.982441138306441e-10
2.982441138306441e-10
2.982441138306441e-10
2.982441138306441e-10
2.982441138306441e-10
2.982441138306441e-10