Problem parameters:
 h = 1.0 y_obs = 0
N = 50 k = 1
Generations = 105 population = 50
Results:
Best r_aux value was found to be [-0.99910433  0.12760388] in 67.0 minutes and 19.7 seconds
 
mean(error) = 5.105780515581743e-12 max(error) = 3.088078637520818e-10 CN = 958642337688.1964 expected positive critical value = 1.0
printing the best r_aux per generation
5.4540005456630276e-08
5.4540005456630276e-08
5.18329220346661e-08
1.6551681490690414e-08
1.6551681490690414e-08
1.6551681490690414e-08
1.6551681490690414e-08
1.6551681490690414e-08
2.32682555025449e-09
2.32682555025449e-09
2.32682555025449e-09
2.32682555025449e-09
2.32682555025449e-09
2.32682555025449e-09
2.32682555025449e-09
2.32682555025449e-09
2.32682555025449e-09
2.32682555025449e-09
2.32682555025449e-09
2.32682555025449e-09
2.32682555025449e-09
2.32682555025449e-09
2.32682555025449e-09
2.32682555025449e-09
2.32682555025449e-09
2.32682555025449e-09
2.32682555025449e-09
2.32682555025449e-09
2.32682555025449e-09
2.32682555025449e-09
2.32682555025449e-09
2.32682555025449e-09
2.32682555025449e-09
2.32682555025449e-09
2.32682555025449e-09
2.32682555025449e-09
2.32682555025449e-09
2.32682555025449e-09
2.32682555025449e-09
2.32682555025449e-09
2.32682555025449e-09
2.32682555025449e-09
2.32682555025449e-09
2.32682555025449e-09
2.32682555025449e-09
2.32682555025449e-09
2.32682555025449e-09
2.32682555025449e-09
2.32682555025449e-09
2.32682555025449e-09
2.32682555025449e-09
2.32682555025449e-09
2.32682555025449e-09
2.32682555025449e-09
2.32682555025449e-09
2.32682555025449e-09
2.32682555025449e-09
2.32682555025449e-09
2.32682555025449e-09
2.32682555025449e-09
2.32682555025449e-09
2.32682555025449e-09
2.32682555025449e-09
2.32682555025449e-09
2.32682555025449e-09
2.32682555025449e-09
2.32682555025449e-09
2.32682555025449e-09
2.32682555025449e-09
2.32682555025449e-09
2.32682555025449e-09
2.32682555025449e-09
5.285573340237083e-10
5.285573340237083e-10
5.285573340237083e-10
5.285573340237083e-10
5.285573340237083e-10
5.285573340237083e-10
5.285573340237083e-10
5.285573340237083e-10
5.285573340237083e-10
5.285573340237083e-10
5.285573340237083e-10
5.285573340237083e-10
5.285573340237083e-10
5.285573340237083e-10
5.285573340237083e-10
5.285573340237083e-10
5.285573340237083e-10
3.088078637520818e-10
3.088078637520818e-10
3.088078637520818e-10
3.088078637520818e-10
3.088078637520818e-10
3.088078637520818e-10
3.088078637520818e-10
3.088078637520818e-10
3.088078637520818e-10
3.088078637520818e-10
3.088078637520818e-10
3.088078637520818e-10
3.088078637520818e-10
3.088078637520818e-10
3.088078637520818e-10
3.088078637520818e-10
3.088078637520818e-10